[gd_scene load_steps=5 format=3 uid="uid://p4mqlv6vo2sb"]

[ext_resource type="PackedScene" uid="uid://bs72ogkvdd7d6" path="res://scenes/proto_controller/proto_controller.tscn" id="1_qqxrg"]

[sub_resource type="ProceduralSkyMaterial" id="ProceduralSkyMaterial_xhwmn"]
sky_horizon_color = Color(0.64625, 0.65575, 0.67075, 1)
ground_horizon_color = Color(0.64625, 0.65575, 0.67075, 1)

[sub_resource type="Sky" id="Sky_votyw"]
sky_material = SubResource("ProceduralSkyMaterial_xhwmn")

[sub_resource type="Environment" id="Environment_mda0w"]
background_mode = 2
sky = SubResource("Sky_votyw")
tonemap_mode = 2
glow_enabled = true

[node name="Base Scene" type="Node3D"]

[node name="DirectionalLight3D" type="DirectionalLight3D" parent="."]
transform = Transform3D(-0.866025, -0.433013, 0.25, 0, 0.5, 0.866025, -0.5, 0.75, -0.433013, 0, 0, 0)
shadow_enabled = true

[node name="WorldEnvironment" type="WorldEnvironment" parent="."]
environment = SubResource("Environment_mda0w")

[node name="ProtoController" parent="." instance=ExtResource("1_qqxrg")]
transform = Transform3D(1, 0, 0, 0, 1, 0, 0, 0, 1, -19.3334, 0.574826, 20.6197)

[node name="Environment" type="Node3D" parent="."]

[node name="Platform" type="CSGBox3D" parent="Environment"]
transform = Transform3D(1, 0, 0, 0, 1, 0, 0, 0, 1, -1.40972, -0.0499141, -2.16968)
use_collision = true
size = Vector3(52.2578, 0.3, 50.7208)

[node name="CSGBox3D11" type="CSGBox3D" parent="Environment/Platform"]
transform = Transform3D(-4.37114e-08, 1, 0, -1, -4.37114e-08, 0, 0, 0, 1, 3.17725, 0.0499137, -17.3203)
operation = 2
size = Vector3(1, 29.3721, 15.3572)

[node name="Building" type="Node3D" parent="Environment"]
transform = Transform3D(-1.5601, 0, -1.26736, 0, 2.01, 0, 1.26736, 0, -1.5601, 0, -0.225665, -1.31882)

[node name="CSGBox3D" type="CSGBox3D" parent="Environment/Building"]
transform = Transform3D(1, 0, 0, 0, 1, 0, 0, 0, 1, 1.51686, 0.958412, -0.449152)
use_collision = true
size = Vector3(4.41455, 1.7417, 0.0629883)

[node name="CSGBox3D2" type="CSGBox3D" parent="Environment/Building"]
transform = Transform3D(1, 0, 0, 0, 1, 0, 0, 0, 1, 1.45719, 0.953622, 4.07991)
use_collision = true
size = Vector3(4.41455, 1.7417, 0.0629883)

[node name="CSGBox3D3" type="CSGBox3D" parent="Environment/Building"]
transform = Transform3D(-4.37114e-08, 0, 1, 0, 1, 0, -1, 0, -4.37114e-08, 3.70607, 0.965883, 1.84315)
use_collision = true
size = Vector3(4.55103, 1.7417, 0.0629883)

[node name="CSGBox3D4" type="CSGBox3D" parent="Environment/Building"]
transform = Transform3D(-4.37114e-08, 0, 1, 0, 1, 0, -1, 0, -4.37114e-08, -0.710256, 0.965883, 1.84315)
use_collision = true
size = Vector3(4.55103, 1.7417, 0.0629883)

[node name="CSGSphere3D" type="CSGSphere3D" parent="Environment/Building/CSGBox3D4"]
transform = Transform3D(-4.37114e-08, 0, -1, 0, 1, 0, 1, 0, -4.37114e-08, -0.107086, -0.685517, 0.345952)
operation = 2
radius = 1.301
radial_segments = 19

[node name="CSGBox3D" type="CSGBox3D" parent="Environment"]
transform = Transform3D(1, 0, 0, 0, 1, 0, 0, 0, 1, -6.06284, 0.60389, -4.45338)
use_collision = true

[node name="CSGBox3D2" type="CSGBox3D" parent="Environment"]
transform = Transform3D(0.917262, 0, 0.398285, 0, 1, 0, -0.398285, 0, 0.917262, -6.07347, 1.60234, -4.45338)
use_collision = true

[node name="CSGBox3D3" type="CSGBox3D" parent="Environment"]
transform = Transform3D(0.899161, 0, 0.437618, 0, 1, 0, -0.437618, 0, 0.899161, -5.03876, 0.60389, 1.71063)
use_collision = true

[node name="CSGBox3D4" type="CSGBox3D" parent="Environment"]
transform = Transform3D(0.650469, 0, 0.759532, 0, 1, 0, -0.759532, 0, 0.650469, -5.04832, 1.60234, 1.71528)
use_collision = true

[node name="CSGBox3D5" type="CSGBox3D" parent="Environment"]
transform = Transform3D(1, 0, 0, 0, 1, 0, 0, 0, 1, -26, 5, -0.987061)
use_collision = true
size = Vector3(1, 11, 50.0151)

[node name="CSGBox3D9" type="CSGBox3D" parent="Environment"]
transform = Transform3D(1, 0, 0, 0, 1, 0, 0, 0, 1, -12.8816, 5, 6.36859)
use_collision = true
size = Vector3(1, 11, 35.3038)

[node name="CSGBox3D10" type="CSGBox3D" parent="Environment"]
transform = Transform3D(1, 0, 0, 0, 1, 0, 0, 0, 1, -12.8816, 8.50171, -0.666565)
size = Vector3(1, 3.99658, 49.3741)

[node name="CSGBox3D7" type="CSGBox3D" parent="Environment"]
transform = Transform3D(-0.015271, 0, 0.999883, 0, 1, 0, -0.999883, 0, -0.015271, -0.898787, 2.49194, -26.0333)
use_collision = true
size = Vector3(1, 16.0161, 50.0151)

[node name="CSGBox3D11" type="CSGBox3D" parent="Environment"]
transform = Transform3D(-0.015271, 0, 0.999883, 0, 1, 0, -0.999883, 0, -0.015271, 1.29534, 0.601074, -11.6814)
use_collision = true
size = Vector3(1, 12.2344, 29.5114)

[node name="CSGBox3D12" type="CSGBox3D" parent="Environment"]
transform = Transform3D(-0.999883, 0, -0.015271, 0, 1, 0, 0.015271, 0, -0.999883, 16.916, -2.73132, -15.9217)
use_collision = true
size = Vector3(2.28467, 5.56958, 20.2283)

[node name="CSGBox3D13" type="CSGBox3D" parent="Environment"]
transform = Transform3D(-0.999903, -0.000124681, -0.0139116, -8.99517e-05, 0.999997, -0.00249743, 0.0139118, -0.00249594, -0.9999, -13.3013, -2.73132, -18.0356)
use_collision = true
size = Vector3(2.28467, 5.56958, 16)

[node name="CSGBox3D14" type="CSGBox3D" parent="Environment"]
transform = Transform3D(-8.9908e-05, 0.999997, -0.00249743, 0.999903, 0.000124637, 0.0139116, 0.0139118, -0.00249593, -0.9999, 1.75903, -5.85282, -17.8629)
use_collision = true
size = Vector3(2.28467, 28.5572, 16)

[node name="CSGBox3D8" type="CSGBox3D" parent="Environment"]
transform = Transform3D(-0.015271, 0, 0.999883, 0, 1, 0, -0.999883, 0, -0.015271, -0.896484, 5.02207, 23.3383)
use_collision = true
size = Vector3(1, 11, 50.0151)

[node name="CSGBox3D6" type="CSGBox3D" parent="Environment"]
transform = Transform3D(1, 0, 0, 0, 1, 0, 0, 0, 1, 24.1012, 5.16369, -0.961853)
use_collision = true
size = Vector3(1, 10.6726, 49.891)

[node name="CSGCylinder3D" type="CSGCylinder3D" parent="Environment"]
transform = Transform3D(0.955196, 0, 0.295975, 0, 1, 0, -0.295975, 0, 0.955196, -7.42238, -3.35952, -14.9332)
use_collision = true
radius = 1.80994
height = 5.76488

[node name="CSGCylinder3D2" type="CSGCylinder3D" parent="Environment"]
transform = Transform3D(0.856916, 0, 0.515457, 0, 1, 0, -0.515457, 0, 0.856916, -4.55038, -3.35952, -20.5247)
use_collision = true
radius = 1.80994
height = 5.76488

[node name="CSGCylinder3D3" type="CSGCylinder3D" parent="Environment"]
transform = Transform3D(0.299823, 0, -0.953995, 0, 1, 0, 0.953995, 0, 0.299823, 1.27558, -3.35952, -15.946)
use_collision = true
radius = 1.80994
height = 5.76488

[node name="CSGCylinder3D4" type="CSGCylinder3D" parent="Environment"]
transform = Transform3D(0.973195, 0, 0.229982, 0, 1, 0, -0.229982, 0, 0.973195, 3.59007, -3.35952, -22.5474)
use_collision = true
radius = 1.80994
height = 5.76488

[node name="CSGCylinder3D5" type="CSGCylinder3D" parent="Environment"]
transform = Transform3D(1, 0, 0, 0, 1, 0, 0, 0, 1, 8.74288, -3.35952, -13.9575)
use_collision = true
radius = 1.80994
height = 5.76488

[node name="CSGCylinder3D7" type="CSGCylinder3D" parent="Environment"]
transform = Transform3D(1, 0, 0, 0, 1, 0, 0, 0, 1, 4.25387, 2.97218, 7.18253)
use_collision = true
radius = 0.679661
height = 0.288371

[node name="CSGCylinder3D8" type="CSGCylinder3D" parent="Environment"]
transform = Transform3D(0.999753, 0, -0.0222162, 0, 1, 0, 0.0222162, 0, 0.999753, 0.307881, 2.88275, 9.58531)
use_collision = true
radius = 0.679661
height = 0.288371

[node name="CSGCylinder3D9" type="CSGCylinder3D" parent="Environment"]
transform = Transform3D(1, 0, 0, 0, 1, 0, 0, 0, 1, 2.32453, 2.88275, 4.73903)
use_collision = true
radius = 0.679661
height = 0.288371

[node name="CSGCylinder3D10" type="CSGCylinder3D" parent="Environment"]
transform = Transform3D(0.997657, 0, 0.0684158, 0, 1, 0, -0.0684158, 0, 0.997657, -2.21747, 2.84931, 6.79217)
use_collision = true
radius = 0.679661
height = 0.288371

[node name="CSGCylinder3D11" type="CSGCylinder3D" parent="Environment"]
transform = Transform3D(1, 0, 0, 0, 1, 0, 0, 0, 1, -2.03474, 2.84931, 2.88721)
use_collision = true
radius = 0.679661
height = 0.288371

[node name="CSGCylinder3D6" type="CSGCylinder3D" parent="Environment"]
transform = Transform3D(0.986295, -0.00108343, -0.164986, 0.00115397, 0.999999, 0.000331633, 0.164986, -0.000517486, 0.986296, 11.6493, -3.35952, -21.1218)
use_collision = true
radius = 1.80994
height = 5.76488

[node name="CSGBox3D15" type="CSGBox3D" parent="Environment"]
transform = Transform3D(1, 0, 0, 0, 1, 0, 0, 0, 1, 7.87743, 1.56673, 9.56948)
use_collision = true
size = Vector3(4.50403, 3.26672, 5.71582)

[node name="CSGBox3D16" type="CSGBox3D" parent="Environment"]
transform = Transform3D(0.86131, 0.50808, 0, -0.50808, 0.86131, 0, 0, 0, 1, 12.9076, 1.48394, 9.52594)
use_collision = true
size = Vector3(6.73358, 0.18512, 5.71582)

[node name="CSGBox3D17" type="CSGBox3D" parent="Environment"]
transform = Transform3D(0.901682, -0.4324, 0, 0.4324, 0.901682, 0, 0, 0, 1, 8.36689, -3.29479, -24.7704)
use_collision = true
size = Vector3(16.5161, 0.18512, 1.61816)
